237
251
263
101
223
97
209
256
184
260
172
25
55
109
4
185
111
142
49
112
80
50
86
33
272
230
85
167
20
252
40
187
291
18
285
280
242
288
59
276
188
282
52
41
284
191
257
202
124
37
216
178
30
24
170
193
266
155
121
265
173
229
186
219
42
220
221
129
199
287
203
269
267
249
138
72
146
156
168
46
110
253
61
296
44
93
161
274
189
22
70
207
134
117
82
294
102
289
286
131
103
245
74
154
19
78
182
45
241
198
126
20
282
160
149
200
140
17
183
163
165
104
210
261
271
300
69
148
7
150
79
130
247
169
240
244
123
217
484
197
217
43
157
174
225
5
135
232
2
179
153
62
297
57
139
248
215
38
58
63
53
152
35
283
6
114
47
75
39
12
31
264
137
227
175
77
254
132
92
81
228
106
259
1
120
231
71
236
278
298
68
176
106
275
195
273
122
158
100
234
90
136
51
99
21
28
214
277
48
95
123
246
87
221
91
15
144
141
201
224
7
226
185
3
76
262
105
54
56
258
196
233
115
32
164
6
208
162
239
107
268
64
118
293
243
14
34
65
204
299
66
250
171
270
26
73
218
238
67
108
83
151
127
27
194
145
119
255
8
96
212
222
192
190
141
211
213
113
159
166
205
143
235
94
88
89
133
292
295
125
116
60
181
279
13
290
9
36
128
500